2 0.1625 0.4640625 0.2953125 0.5953125
0 0.38515625 0.83203125 0.1953125 0.31640625
0 0.74609375 0.86953125 0.2328125 0.2609375
0 0.54453125 0.21171875 0.059375 0.08046875
0 0.5140625 0.08828125 0.0359375 0.04453125
0 0.49609375 0.0515625 0.02734375 0.02890625
0 0.45078125 0.04296875 0.02578125 0.02734375
1 0.33671875 0.12109375 0.09453125 0.11171875
3 0.390625 0.071875 0.03203125 0.06171875
3 0.40234375 0.03515625 0.03671875 0.05703125
3 0.44921875 0.09140625 0.0390625 0.0671875
4 0.44921875 0.0109375 0.0234375 0.021875