2 0.7015625 0.5171875 0.165625 0.25078125
2 0.35234375 0.296875 0.10390625 0.11875
0 0.5328125 0.2640625 0.04296875 0.0453125
0 0.5765625 0.23671875 0.0390625 0.05078125
0 0.6515625 0.2734375 0.04453125 0.0453125
0 0.62890625 0.22578125 0.03671875 0.0421875
0 0.621875 0.16796875 0.0234375 0.02578125
0 0.61328125 0.13359375 0.0171875 0.01875
3 0.57578125 0.17265625 0.04375 0.07265625
2 0.51171875 0.1703125 0.046875 0.0921875
2 0.5625 0.09765625 0.01875 0.03828125
3 0.58984375 0.09921875 0.01640625 0.0296875