0 0.4921875 0.57578125 0.1140625 0.15234375
0 0.5125 0.39453125 0.09375 0.11171875
0 0.6328125 0.259375 0.059375 0.078125
0 0.60703125 0.19140625 0.04453125 0.0546875
0 0.59921875 0.1015625 0.0265625 0.02734375
0 0.58671875 0.05703125 0.0171875 0.01796875
0 0.6109375 0.1578125 0.03828125 0.03984375
2 0.32421875 0.22890625 0.11171875 0.1328125
2 0.4875 0.10390625 0.0515625 0.09296875
4 0.565625 0.1203125 0.0234375 0.0359375
2 0.553125 0.08203125 0.03359375 0.075
2 0.5453125 0.021875 0.0125 0.02734375
1 0.56484375 0.021875 0.01328125 0.0203125
2 0.11953125 0.23671875 0.2390625 0.15078125