3 0.4046875 0.56796875 0.121875 0.221875
0 0.56015625 0.50078125 0.0671875 0.08515625
0 0.54453125 0.4515625 0.05078125 0.06171875
3 0.46875 0.4171875 0.0484375 0.09453125
3 0.4484375 0.37890625 0.04375 0.1015625
4 0.54765625 0.3703125 0.03671875 0.0625
3 0.48125 0.3265625 0.03203125 0.0421875
1 0.53359375 0.3359375 0.03359375 0.05625
2 0.41796875 0.31015625 0.04765625 0.0921875
1 0.4984375 0.265625 0.0265625 0.03984375
2 0.46171875 0.25703125 0.025 0.04609375
2 0.2546875 0.42890625 0.11171875 0.128125