3 0.47734375 0.60234375 0.1421875 0.26875
3 0.5765625 0.42734375 0.1109375 0.18515625
2 0.38515625 0.2328125 0.11953125 0.16796875
0 0.19921875 0.44765625 0.10234375 0.09921875
0 0.1390625 0.5234375 0.1171875 0.12109375
1 0.30234375 0.1890625 0.0796875 0.14453125
0 0.03125 0.88828125 0.0625 0.2234375
0 0.38203125 0.95390625 0.21953125 0.08671875
2 0.37109375 0.42421875 0.14921875 0.2375
0 0.3515625 0.11953125 0.0328125 0.0390625
3 0.41015625 0.10625 0.0390625 0.06640625
2 0.56171875 0.06875 0.04765625 0.09453125
2 0.45 0.07421875 0.04609375 0.09765625