4 0.3484375 0.44296875 0.16953125 0.2375
3 0.546875 0.1609375 0.11796875 0.25859375
0 0.5671875 0.68671875 0.1625 0.2015625
0 0.18515625 0.75 0.196875 0.22734375
1 0.81484375 0.0734375 0.0984375 0.1359375
0 0.43515625 0.1359375 0.06640625 0.0796875
0 0.14609375 0.33125 0.12265625 0.140625
0 0.390625 0.2171875 0.08671875 0.0921875
0 0.28046875 0.18984375 0.0828125 0.090625
0 0.36328125 0.04375 0.04609375 0.04921875
0 0.62265625 0.1078125 0.04375 0.06875
0 0.31796875 0.12578125 0.06328125 0.0609375
0 0.33984375 0.29765625 0.08359375 0.06796875
3 0.45703125 0.04375 0.08515625 0.0875