3 0.28828125 0.3953125 0.15546875 0.23671875
3 0.55078125 0.2 0.0859375 0.1453125
0 0.66640625 0.359375 0.09453125 0.1
4 0.45625 0.140625 0.0609375 0.09296875
2 0.55 0.07109375 0.06484375 0.11484375
3 0.67109375 0.22578125 0.08203125 0.14296875
1 0.846875 0.21484375 0.1 0.15625
0 0.69609375 0.1 0.046875 0.0515625
0 0.40390625 0.203125 0.0671875 0.075
1 0.97578125 0.2328125 0.0484375 0.1828125
1 0.9359375 0.171875 0.09375 0.15234375
1 0.4859375 0.0609375 0.05 0.08359375
3 0.61875 0.025 0.04453125 0.05