4 0.19140625 0.24375 0.11875 0.17734375
3 0.396875 0.24296875 0.115625 0.21015625
3 0.7484375 0.5421875 0.23828125 0.39453125
0 0.353125 0.4109375 0.134375 0.1625
1 0.8578125 0.07578125 0.13515625 0.15
0 0.07734375 0.6578125 0.13984375 0.234375
0 0.628125 0.3453125 0.12265625 0.15234375
0 0.26875 0.11640625 0.084375 0.08359375
0 0.515625 0.03671875 0.06328125 0.07109375
0 0.3125 0.0625 0.07265625 0.07578125
0 0.96640625 0.20625 0.06640625 0.11171875
0 0.259375 0.18984375 0.0734375 0.08828125
3 0.41484375 0.08984375 0.10625 0.1296875