0 0.5734375 0.86484375 0.19453125 0.24921875
0 0.096875 0.3984375 0.14296875 0.159375
1 0.8078125 0.071875 0.1 0.14375
0 0.3703125 0.2625 0.09375 0.10234375
0 0.2515625 0.23125 0.090625 0.1046875
0 0.29609375 0.153125 0.0671875 0.0671875
0 0.31875 0.35546875 0.0921875 0.09140625
0 0.42734375 0.1703125 0.0703125 0.08828125
0 0.35078125 0.06640625 0.05 0.05078125
0 0.115625 0.9078125 0.23046875 0.1765625
4 0.29921875 0.53984375 0.1984375 0.2828125
3 0.55078125 0.20390625 0.13046875 0.28671875
3 0.446875 0.05 0.084375 0.1