0 0.659375 0.625 0.13046875 0.165625
0 0.5359375 0.2875 0.06484375 0.06953125
0 0.31484375 0.2703125 0.0546875 0.04765625
0 0.33828125 0.2359375 0.04609375 0.0546875
0 0.353125 0.18671875 0.0375 0.03671875
3 0.4265625 0.2109375 0.05703125 0.09453125
0 0.5515625 0.16953125 0.040625 0.04765625
4 0.4734375 0.14453125 0.03828125 0.04453125
2 0.3953125 0.09609375 0.04453125 0.07265625
1 0.4359375 0.0953125 0.03359375 0.0515625
3 0.4875 0.09765625 0.03203125 0.04609375
0 0.525 0.14609375 0.02890625 0.03125
0 0.425 0.15078125 0.02734375 0.0265625