3 0.3515625 0.33515625 0.1265625 0.2234375
1 0.759375 0.22890625 0.13359375 0.15703125
1 0.59296875 0.1671875 0.1171875 0.11953125
2 0.40703125 0.0703125 0.05078125 0.1125
0 0.15546875 0.43671875 0.1109375 0.13046875
0 0.0640625 0.7015625 0.128125 0.2
0 0.31640625 0.16640625 0.0421875 0.05078125
0 0.2828125 0.20703125 0.05859375 0.06953125
3 0.47109375 0.1515625 0.0515625 0.0890625
0 0.3375 0.1015625 0.0375 0.03828125
2 0.5953125 0.590625 0.23671875 0.60078125
2 0.4734375 0.06484375 0.04921875 0.08671875