4 0.16328125 0.76328125 0.17578125 0.26328125
1 0.7140625 0.20546875 0.0875 0.1359375
0 0.2015625 0.271875 0.08671875 0.1
0 0.284375 0.184375 0.05703125 0.0578125
0 0.34609375 0.05703125 0.034375 0.040625
0 0.2921875 0.11796875 0.05 0.0546875
0 0.39296875 0.103125 0.04296875 0.04921875
4 0.36328125 0.02421875 0.03203125 0.04765625
3 0.47421875 0.02734375 0.03515625 0.05390625
0 0.47421875 0.0625 0.034375 0.04140625
1 0.6875 0.13203125 0.08203125 0.109375
0 0.41015625 0.025 0.03203125 0.03828125
0 0.396875 0.06875 0.03984375 0.03671875