0 0.0984375 0.55859375 0.16328125 0.20625
1 0.56875 0.0421875 0.078125 0.084375
1 0.853125 0.2234375 0.1734375 0.2140625
1 0.69140625 0.17578125 0.115625 0.15859375
4 0.3515625 0.275 0.078125 0.11640625
0 0.215625 0.25546875 0.0953125 0.1078125
1 0.47890625 0.03125 0.04765625 0.0625
3 0.3796875 0.0484375 0.04921875 0.0671875
3 0.45 0.1015625 0.07734375 0.1171875
3 0.51953125 0.21328125 0.10703125 0.1859375
3 0.2234375 0.13125 0.07265625 0.12109375
2 0.66328125 0.465625 0.29296875 0.51015625
3 0.29765625 0.02890625 0.04609375 0.05703125
3 0.3875 0.5796875 0.23203125 0.5
3 0.25546875 0.053125 0.046875 0.08828125