3 0.5125 0.2734375 0.128125 0.2578125
0 0.09765625 0.803125 0.18828125 0.25078125
0 0.08515625 0.4453125 0.11328125 0.12109375
3 0.4375 0.7828125 0.2546875 0.434375
0 0.20625 0.3140625 0.08828125 0.10078125
0 0.36015625 0.29921875 0.08125 0.0828125
1 0.7640625 0.26640625 0.13984375 0.2046875
0 0.2375 0.23984375 0.07890625 0.08828125
0 0.290625 0.18359375 0.06015625 0.06484375
3 0.503125 0.0890625 0.0421875 0.07421875
0 0.35234375 0.09140625 0.040625 0.04765625
2 0.384375 0.18359375 0.103125 0.16328125
0 0.384375 0.06875 0.034375 0.0421875
2 0.51875 0.0296875 0.04453125 0.05859375
0 0.46328125 0.0796875 0.03203125 0.03828125
1 0.42265625 0.06953125 0.04765625 0.08671875