4 0.1015625 0.56015625 0.15859375 0.20625
2 0.325 0.45703125 0.18828125 0.3890625
1 0.79765625 0.38359375 0.24140625 0.23125
3 0.49453125 0.584375 0.20625 0.44375
2 0.465625 0.15 0.0578125 0.109375
1 0.540625 0.0828125 0.03671875 0.05625
1 0.6953125 0.34296875 0.13984375 0.1984375
0 0.5734375 0.24140625 0.06484375 0.06640625
0 0.37578125 0.2328125 0.05078125 0.05
0 0.3921875 0.19609375 0.0421875 0.0453125
2 0.12109375 0.83984375 0.24140625 0.3203125
0 0.42109375 0.153125 0.03046875 0.034375
2 0.49140625 0.07890625 0.03671875 0.065625
1 0.60703125 0.0875 0.0265625 0.0484375
1 0.62109375 0.04921875 0.02734375 0.03984375