0 0.1296875 0.73359375 0.16015625 0.18828125
3 0.50859375 0.328125 0.1140625 0.1828125
1 0.7765625 0.27109375 0.16875 0.16796875
0 0.253125 0.240625 0.05546875 0.05859375
3 0.47890625 0.08515625 0.053125 0.08671875
3 0.34296875 0.15859375 0.0609375 0.11328125
3 0.3953125 0.084375 0.040625 0.06640625
3 0.36953125 0.03046875 0.03203125 0.04140625
3 0.303125 0.075 0.034375 0.06015625
1 0.44375 0.04921875 0.034375 0.04765625
3 0.3546875 0.07421875 0.03046875 0.053125
0 0.33125 0.06015625 0.02109375 0.02734375