3 0.43203125 0.42265625 0.13828125 0.2734375
1 0.7625 0.3484375 0.10234375 0.18125
3 0.4546875 0.20625 0.065625 0.13359375
0 0.30625 0.425 0.09140625 0.10390625
0 0.1984375 0.384375 0.078125 0.0875
2 0.3390625 0.27734375 0.08828125 0.20703125
0 0.2515625 0.28125 0.05625 0.06171875
0 0.5453125 0.1546875 0.03359375 0.0390625
1 0.62734375 0.30859375 0.08984375 0.1640625
0 0.225 0.3234375 0.06875 0.0671875
2 0.37109375 0.1953125 0.065625 0.14375
4 0.28203125 0.22421875 0.03671875 0.071875
2 0.40859375 0.10625 0.03671875 0.0671875
2 0.425 0.078125 0.028125 0.05390625
1 0.6140625 0.05390625 0.034375 0.0296875