1 0.80078125 0.0890625 0.1 0.1515625
0 0.528125 0.59140625 0.1578125 0.2140625
0 0.3359375 0.3203125 0.1 0.10078125
0 0.16484375 0.46953125 0.13359375 0.15234375
0 0.21640625 0.29609375 0.096875 0.09609375
0 0.55546875 0.3421875 0.09375 0.103125
4 0.4921875 0.228125 0.10234375 0.134375
0 0.63671875 0.059375 0.04296875 0.0546875
0 0.42578125 0.11953125 0.05546875 0.0625
0 0.2875 0.16484375 0.07265625 0.08515625
0 0.359375 0.10546875 0.05078125 0.06328125
3 0.5375 0.08828125 0.0828125 0.17109375
0 0.39765625 0.18203125 0.05859375 0.06953125
2 0.14921875 0.76796875 0.2984375 0.4640625