2 0.37265625 0.5109375 0.17109375 0.2890625
3 0.509375 0.8390625 0.22421875 0.321875
1 0.284375 0.2328125 0.1015625 0.165625
3 0.609375 0.55859375 0.14375 0.23203125
2 0.38046875 0.28828125 0.134375 0.19609375
0 0.1421875 0.5625 0.1265625 0.12421875
0 0.075 0.6765625 0.14453125 0.15390625
3 0.4109375 0.12578125 0.0390625 0.06171875
0 0.34609375 0.15234375 0.03671875 0.03984375
2 0.45390625 0.09453125 0.0484375 0.1
2 0.571875 0.09375 0.05078125 0.0953125
0 0.42265625 0.17578125 0.0453125 0.040625