4 0.384375 0.37890625 0.153125 0.20703125
0 0.04453125 0.57734375 0.08828125 0.17265625
0 0.228125 0.60625 0.1640625 0.178125
1 0.81484375 0.07734375 0.10234375 0.14609375
3 0.54765625 0.1421875 0.10859375 0.2375
0 0.5625 0.58125 0.14296875 0.16953125
0 0.19375 0.28515625 0.10859375 0.12578125
0 0.396875 0.19140625 0.08125 0.0859375
0 0.625 0.09921875 0.05546875 0.06640625
0 0.33359375 0.1125 0.05546875 0.06015625
0 0.3125 0.16875 0.0765625 0.0828125
0 0.4421875 0.12578125 0.06171875 0.07578125
0 0.3765625 0.0421875 0.04453125 0.046875
3 0.4640625 0.04609375 0.06953125 0.0921875