0 0.48046875 0.92109375 0.2296875 0.1578125
0 0.1921875 0.48203125 0.15625 0.1734375
0 0.3234375 0.26953125 0.09453125 0.10234375
0 0.3859375 0.15859375 0.0734375 0.0828125
0 0.434375 0.10078125 0.05703125 0.059375
0 0.60625 0.146875 0.0546875 0.07265625
3 0.51875 0.22734375 0.13046875 0.24609375
1 0.59921875 0.04140625 0.05859375 0.0828125
3 0.440625 0.03828125 0.04375 0.059375
1 0.796875 0.24921875 0.13046875 0.196875
1 0.69140625 0.0328125 0.0828125 0.065625
0 0.75859375 0.01640625 0.0375 0.0328125