3 0.3703125 0.70703125 0.375 0.5859375
1 0.78046875 0.50078125 0.18984375 0.35703125
1 0.71953125 0.0375 0.08671875 0.07421875
0 0.64140625 0.315625 0.09140625 0.115625
0 0.09921875 0.7078125 0.19609375 0.23125
0 0.296875 0.346875 0.12265625 0.13203125
0 0.3875 0.221875 0.0734375 0.0859375
0 0.48828125 0.37578125 0.10546875 0.10390625
2 0.53046875 0.07578125 0.0765625 0.1515625
3 0.415625 0.115625 0.06171875 0.09296875
3 0.4671875 0.034375 0.05 0.06875
1 0.6328125 0.11015625 0.08203125 0.1640625