2 0.2984375 0.409375 0.23046875 0.46328125
4 0.2078125 0.25078125 0.0921875 0.14375
0 0.04453125 0.553125 0.0890625 0.153125
1 0.796875 0.10703125 0.09765625 0.1515625
0 0.3328125 0.13828125 0.05859375 0.06015625
0 0.409375 0.15234375 0.06171875 0.06328125
0 0.42734375 0.096875 0.04296875 0.053125
0 0.5328125 0.246875 0.08359375 0.0921875
0 0.528125 0.184375 0.06875 0.05703125
3 0.55078125 0.5109375 0.2203125 0.44140625
4 0.57734375 0.11953125 0.071875 0.09140625
0 0.346875 0.07578125 0.046875 0.05703125
3 0.525 0.05390625 0.06328125 0.1078125