0 0.040625 0.890625 0.08125 0.215625
3 0.6546875 0.05234375 0.07265625 0.10390625
4 0.15546875 0.3625 0.1453125 0.2046875
0 0.625 0.41796875 0.13671875 0.16875
3 0.3765625 0.365625 0.1578125 0.28671875
1 0.86953125 0.08515625 0.13359375 0.153125
1 0.2890625 0.07421875 0.08203125 0.13203125
0 0.53828125 0.0328125 0.059375 0.065625
0 0.421875 0.05625 0.06015625 0.06796875
4 0.28828125 0.21640625 0.09140625 0.15390625
4 0.35234375 0.146875 0.0859375 0.13359375
0 0.97421875 0.2140625 0.0515625 0.10546875