0 0.67265625 0.61640625 0.18046875 0.23671875
3 0.65859375 0.0859375 0.0890625 0.1546875
3 0.3578125 0.596875 0.2328125 0.42890625
1 0.27265625 0.13203125 0.11875 0.18125
1 0.87890625 0.07890625 0.1328125 0.15234375
4 0.25625 0.34921875 0.13203125 0.21484375
0 0.42109375 0.09453125 0.06953125 0.07890625
4 0.06328125 0.646875 0.1265625 0.32109375
4 0.32265625 0.03515625 0.06015625 0.0703125
4 0.3203125 0.23828125 0.11796875 0.16796875
3 0.42578125 0.03515625 0.06171875 0.0703125
0 0.5625 0.06171875 0.06640625 0.08125
0 0.9765625 0.2 0.046875 0.10859375