0 0.7171875 0.70234375 0.171875 0.17734375
3 0.37265625 0.20703125 0.07578125 0.15703125
1 0.85703125 0.28828125 0.1859375 0.2
3 0.58515625 0.38046875 0.1578125 0.2359375
1 0.57109375 0.10078125 0.06484375 0.084375
3 0.43046875 0.1 0.0421875 0.07578125
2 0.50625 0.2375 0.1203125 0.2171875
0 0.27734375 0.1875 0.05234375 0.06171875
1 0.49140625 0.07265625 0.0390625 0.05859375
0 0.31171875 0.1265625 0.03984375 0.05
1 0.74765625 0.22265625 0.071875 0.13828125
3 0.2953125 0.08828125 0.040625 0.06484375
3 0.35 0.046875 0.03203125 0.05546875
3 0.384375 0.02109375 0.02421875 0.0421875
3 0.3984375 0.0671875 0.03046875 0.04375