0 0.4140625 0.7703125 0.1734375 0.24140625
0 0.33515625 0.346875 0.09140625 0.09609375
0 0.3984375 0.20703125 0.06484375 0.0796875
0 0.41875 0.1390625 0.0484375 0.053125
0 0.52734375 0.1390625 0.0484375 0.04921875
0 0.49453125 0.01171875 0.0234375 0.0234375
1 0.46015625 0.0828125 0.046875 0.07578125
4 0.50625 0.21328125 0.065625 0.10546875
4 0.6703125 0.1375 0.053125 0.0828125
4 0.790625 0.09140625 0.06796875 0.0578125
3 0.57890625 0.04140625 0.04921875 0.07578125
3 0.60625 0.3375 0.1015625 0.18828125
3 0.6734375 0.2515625 0.071875 0.12265625
0 0.825 0.11875 0.04609375 0.04921875