3 0.365625 0.2953125 0.10703125 0.18671875
1 0.5734375 0.1734375 0.11796875 0.1125
0 0.21484375 0.3640625 0.08828125 0.10390625
2 0.56484375 0.45546875 0.17265625 0.42734375
0 0.1515625 0.5265625 0.12890625 0.13984375
1 0.74921875 0.23125 0.1203125 0.15
2 0.41875 0.07421875 0.0484375 0.10625
3 0.475 0.15625 0.04609375 0.07734375
0 0.3015625 0.19140625 0.05078125 0.0609375
2 0.56484375 0.575 0.17578125 0.18125
0 0.35 0.1046875 0.034375 0.03828125
0 0.334375 0.1609375 0.0375 0.04609375
2 0.48125 0.07265625 0.0453125 0.07734375