0 0.246875 0.2171875 0.08671875 0.1046875
0 0.10390625 0.684375 0.18203125 0.22734375
0 0.13359375 0.3984375 0.12265625 0.12421875
1 0.80625 0.08515625 0.10078125 0.15234375
0 0.56015625 0.4375 0.11171875 0.1296875
0 0.2984375 0.42734375 0.12265625 0.12734375
4 0.44453125 0.2953125 0.12265625 0.16171875
0 0.53671875 0.91015625 0.24921875 0.171875
0 0.6359375 0.07421875 0.05 0.0578125
0 0.41484375 0.1546875 0.06953125 0.07421875
0 0.37578125 0.225 0.0625 0.08125
0 0.4390625 0.1046875 0.0546875 0.06796875
0 0.38671875 0.02421875 0.0390625 0.04140625
3 0.54140625 0.1109375 0.09453125 0.20078125
3 0.4671875 0.03359375 0.05859375 0.065625
0 0.340625 0.1296875 0.0609375 0.075