2 0.16171875 0.73046875 0.3234375 0.53046875
2 0.46171875 0.16015625 0.0515625 0.1015625
1 0.690625 0.35546875 0.13203125 0.19296875
3 0.49375 0.4703125 0.15859375 0.3375
0 0.59765625 0.23671875 0.05703125 0.059375
1 0.80625 0.3859375 0.20390625 0.225
2 0.35 0.38359375 0.146875 0.3109375
0 0.39453125 0.196875 0.03984375 0.03984375
2 0.4828125 0.103125 0.0328125 0.0703125
4 0.1796875 0.43671875 0.12109375 0.11015625
1 0.53046875 0.10078125 0.03359375 0.0484375
1 0.59609375 0.10546875 0.02421875 0.04609375
1 0.62109375 0.06875 0.02578125 0.0359375