2 0.1375 0.725 0.27265625 0.55
3 0.7390625 0.628125 0.20546875 0.38984375
3 0.5890625 0.08984375 0.0546875 0.10078125
3 0.715625 0.2265625 0.08671875 0.16171875
0 0.8296875 0.0734375 0.04921875 0.0515625
0 0.30703125 0.34140625 0.10546875 0.1171875
0 0.50625 0.15625 0.06328125 0.07109375
0 0.49453125 0.08046875 0.0484375 0.0546875
0 0.4609375 0.0421875 0.03359375 0.04140625
4 0.53125 0.02734375 0.04375 0.04765625
3 0.66875 0.0734375 0.0421875 0.07421875
4 0.66796875 0.0203125 0.0390625 0.040625
1 0.80625 0.0265625 0.0546875 0.053125