4 0.67890625 0.40546875 0.121875 0.1984375
3 0.1078125 0.81796875 0.21484375 0.3640625
1 0.66484375 0.14453125 0.10703125 0.10625
3 0.5125 0.19765625 0.0671875 0.11015625
2 0.39921875 0.2109375 0.08203125 0.16953125
0 0.35234375 0.11875 0.0328125 0.03671875
2 0.41796875 0.09609375 0.05 0.1234375
4 0.375 0.07109375 0.0265625 0.03984375
3 0.4796875 0.1296875 0.04609375 0.078125
0 0.40234375 0.025 0.01953125 0.015625
3 0.478125 0.0734375 0.040625 0.06015625
0 0.43203125 0.009375 0.01328125 0.0140625