3 0.6234375 0.4796875 0.1375 0.278125
3 0.67421875 0.309375 0.08828125 0.1484375
3 0.57109375 0.0484375 0.053125 0.084375
0 0.21171875 0.528125 0.14140625 0.15078125
0 0.34765625 0.2671875 0.078125 0.090625
0 0.3890625 0.16875 0.0546875 0.0625
0 0.515625 0.171875 0.0546875 0.05625
0 0.81328125 0.10859375 0.046875 0.04453125
0 0.47890625 0.01328125 0.02578125 0.0265625
4 0.46796875 0.3109375 0.09765625 0.1390625
4 0.66171875 0.165625 0.06328125 0.0890625
4 0.75234375 0.09375 0.05234375 0.06796875
1 0.79453125 0.0609375 0.0609375 0.05625
1 0.43515625 0.0953125 0.0546875 0.09453125