1 0.9390625 0.55 0.121875 0.290625
0 0.84921875 0.45234375 0.078125 0.090625
1 0.68828125 0.2671875 0.10390625 0.140625
3 0.51796875 0.4234375 0.103125 0.175
3 0.13125 0.7390625 0.2625 0.459375
0 0.153125 0.46953125 0.09296875 0.0796875
0 0.26015625 0.29609375 0.059375 0.06640625
3 0.3671875 0.2171875 0.0671875 0.10078125
3 0.409375 0.14375 0.03984375 0.06640625
0 0.35390625 0.15 0.03125 0.034375
0 0.28984375 0.240625 0.04375 0.04765625
3 0.46328125 0.25234375 0.08046875 0.12734375
1 0.5828125 0.0984375 0.059375 0.0515625
3 0.46484375 0.13984375 0.0421875 0.04765625