1 0.86796875 0.16953125 0.14609375 0.178125
1 0.73671875 0.20859375 0.1109375 0.19765625
3 0.37109375 0.46484375 0.1859375 0.33125
0 0.43046875 0.21484375 0.06953125 0.07578125
0 0.30703125 0.26484375 0.08984375 0.09765625
3 0.66015625 0.69453125 0.36328125 0.6109375
1 0.7578125 0.0609375 0.06640625 0.09765625
0 0.5828125 0.21171875 0.07109375 0.075
0 0.60390625 0.35625 0.0953125 0.07265625
0 0.509375 0.07578125 0.05 0.06015625
0 0.41328125 0.05 0.0421875 0.04921875
0 0.4421875 0.03515625 0.02890625 0.03203125
4 0.37109375 0.1265625 0.046875 0.06796875