0 0.37890625 0.69296875 0.16640625 0.21484375
0 0.171875 0.46484375 0.12890625 0.140625
1 0.87265625 0.1515625 0.09921875 0.15625
0 0.27578125 0.371875 0.09609375 0.096875
0 0.3140625 0.2859375 0.07578125 0.08046875
2 0.49296875 0.1515625 0.08359375 0.175
0 0.39765625 0.16953125 0.05234375 0.05625
3 0.6171875 0.13671875 0.07890625 0.146875
4 0.6875 0.05625 0.0375 0.059375
4 0.4359375 0.10390625 0.046875 0.07109375
0 0.0453125 0.753125 0.090625 0.23125
0 0.54921875 0.10859375 0.0359375 0.0546875
3 0.59609375 0.03515625 0.0484375 0.0703125