4 0.42578125 0.32421875 0.1328125 0.17578125
0 0.5609375 0.48359375 0.12109375 0.14453125
0 0.0890625 0.4546875 0.14140625 0.13828125
0 0.27265625 0.4859375 0.134375 0.14765625
0 0.08984375 0.8078125 0.1796875 0.26875
1 0.81171875 0.08203125 0.096875 0.14921875
0 0.228125 0.2359375 0.0921875 0.10703125
0 0.4125 0.1625 0.07265625 0.0765625
0 0.63515625 0.08671875 0.05234375 0.0609375
0 0.36953125 0.2421875 0.06484375 0.08359375
0 0.38359375 0.03046875 0.040625 0.04296875
3 0.54765625 0.121875 0.09765625 0.2171875
0 0.44140625 0.11015625 0.0578125 0.06953125
0 0.33203125 0.14609375 0.065625 0.0765625
3 0.46484375 0.03515625 0.06015625 0.06953125