3 0.3703125 0.2515625 0.09140625 0.16015625
0 0.21328125 0.40625 0.10234375 0.10859375
1 0.7203125 0.225 0.1109375 0.140625
2 0.4109375 0.07265625 0.04453125 0.1015625
0 0.2453125 0.31015625 0.0765625 0.0890625
2 0.5421875 0.36953125 0.14296875 0.325
0 0.35234375 0.0984375 0.0328125 0.034375
0 0.33984375 0.1453125 0.03203125 0.04296875
0 0.3109375 0.17265625 0.04609375 0.05546875
3 0.46953125 0.14453125 0.03828125 0.0765625
2 0.471875 0.0671875 0.04453125 0.07578125
1 0.54140625 0.15625 0.11015625 0.09609375