3 0.39609375 0.3671875 0.13828125 0.25625
4 0.815625 0.32578125 0.0875 0.121875
1 0.9515625 0.3515625 0.096875 0.2203125
0 0.26796875 0.38671875 0.09375 0.1078125
1 0.6171875 0.81953125 0.2625 0.3609375
3 0.64375 0.234375 0.0703125 0.10078125
1 0.63515625 0.56015625 0.21953125 0.32421875
2 0.43671875 0.15546875 0.06953125 0.13515625
2 0.4765625 0.08046875 0.03984375 0.075
2 0.52578125 0.06953125 0.034375 0.07265625
4 0.3203125 0.3046875 0.03203125 0.09453125
1 0.84296875 0.24140625 0.10546875 0.10546875