3 0.61328125 0.54296875 0.209375 0.30234375
0 0.24765625 0.38984375 0.10078125 0.12890625
0 0.403125 0.16640625 0.05234375 0.0578125
0 0.27265625 0.19609375 0.059375 0.06796875
3 0.4421875 0.08828125 0.05546875 0.0875
3 0.37265625 0.09765625 0.03828125 0.07265625
3 0.32109375 0.03359375 0.02734375 0.03828125
1 0.36796875 0.01640625 0.0234375 0.0328125
3 0.409375 0.0203125 0.025 0.040625
1 0.50859375 0.0421875 0.04921875 0.0609375
0 0.340625 0.0109375 0.01875 0.01796875
0 0.30234375 0.14609375 0.0484375 0.0515625
0 0.3109375 0.10078125 0.0359375 0.04296875