0 0.228125 0.3546875 0.109375 0.1171875
0 0.28125 0.2296875 0.0796875 0.09296875
0 0.4390625 0.26640625 0.0796875 0.0828125
0 0.35234375 0.08671875 0.04921875 0.0546875
3 0.43671875 0.06875 0.0671875 0.12734375
3 0.5078125 0.1640625 0.08046875 0.12578125
3 0.515625 0.06953125 0.04453125 0.06953125
1 0.59375 0.0515625 0.08828125 0.0890625
1 0.81015625 0.1421875 0.11015625 0.11875
4 0.95234375 0.27265625 0.09140625 0.1484375
1 0.703125 0.19765625 0.0890625 0.146875
0 0.75625 0.07109375 0.04453125 0.04921875