0 0.52109375 0.8421875 0.21015625 0.3
0 0.12421875 0.6078125 0.165625 0.20390625
4 0.45703125 0.27578125 0.115625 0.15390625
0 0.5515625 0.40625 0.10390625 0.11953125
1 0.8015625 0.08984375 0.1015625 0.153125
0 0.31171875 0.4 0.11484375 0.11796875
0 0.1625 0.36484375 0.1140625 0.1125
0 0.3765625 0.21484375 0.0578125 0.075
0 0.2640625 0.20546875 0.08046875 0.09609375
0 0.63125 0.07578125 0.0484375 0.05703125
0 0.38671875 0.02578125 0.0375 0.04140625
0 0.41328125 0.14921875 0.065625 0.0703125
3 0.43671875 0.103125 0.05 0.0640625
0 0.34296875 0.13046875 0.059375 0.07109375
3 0.5375 0.11015625 0.090625 0.1921875