0 0.103125 0.6609375 0.14765625 0.14765625
0 0.053125 0.82109375 0.10390625 0.1984375
3 0.6390625 0.67265625 0.165625 0.290625
1 0.26640625 0.2640625 0.1078125 0.18515625
0 0.4265625 0.19609375 0.04765625 0.0484375
0 0.346875 0.171875 0.0421875 0.03984375
3 0.48671875 0.0546875 0.0296875 0.04609375
0 0.40546875 0.07265625 0.01953125 0.02265625
2 0.36796875 0.57578125 0.1875 0.3109375
3 0.4171875 0.13671875 0.0390625 0.0625
2 0.45859375 0.1 0.04921875 0.09921875
2 0.58359375 0.1 0.053125 0.09921875
2 0.38046875 0.32421875 0.14296875 0.2234375
0 0.41640625 0.02578125 0.01796875 0.01953125
0 0.44609375 0.0296875 0.015625 0.01953125
0 0.41875 0.04609375 0.01796875 0.01796875
1 0.671875 0.01640625 0.0453125 0.03203125