4 0.78984375 0.23984375 0.10859375 0.13671875
0 0.084375 0.525 0.1328125 0.15625
4 0.23046875 0.234375 0.07890625 0.1109375
3 0.609375 0.14609375 0.07890625 0.134375
0 0.634375 0.653125 0.1546875 0.16953125
2 0.3640625 0.10546875 0.071875 0.15546875
2 0.34296875 0.2890625 0.12421875 0.215625
0 0.45078125 0.25 0.06875 0.0765625
1 0.54296875 0.04375 0.04609375 0.08203125
3 0.42890625 0.01953125 0.03359375 0.0390625
0 0.30234375 0.08984375 0.04140625 0.06171875
0 0.2578125 0.1625 0.05546875 0.0609375
0 0.28046875 0.12734375 0.03984375 0.046875
3 0.3125 0.025 0.034375 0.05