4 0.36328125 0.78359375 0.17734375 0.33046875
1 0.58125 0.05390625 0.07734375 0.1046875
1 0.6765625 0.23828125 0.11640625 0.18515625
1 0.85859375 0.23828125 0.16796875 0.2171875
3 0.49609375 0.21640625 0.109375 0.165625
3 0.390625 0.12890625 0.071875 0.09921875
1 0.50234375 0.059375 0.06484375 0.0875
3 0.59375 0.3921875 0.1859375 0.3109375
0 0.08203125 0.8515625 0.1609375 0.2890625
3 0.14375 0.37265625 0.14375 0.2375
3 0.32578125 0.03203125 0.046875 0.0640625
3 0.2296875 0.1828125 0.07890625 0.13984375
2 0.8359375 0.771875 0.328125 0.4453125
3 0.271875 0.08359375 0.06484375 0.11015625