0 0.140625 0.796875 0.2171875 0.26796875
0 0.30546875 0.30546875 0.07109375 0.08359375
3 0.428125 0.72109375 0.19375 0.42890625
3 0.3390625 0.17578125 0.053125 0.0953125
0 0.446875 0.315625 0.0671875 0.08984375
2 0.4859375 0.10234375 0.040625 0.08828125
0 0.38984375 0.10390625 0.02734375 0.034375
2 0.43828125 0.10859375 0.04375 0.0953125
1 0.59375 0.10546875 0.04453125 0.059375
0 0.51796875 0.0578125 0.01953125 0.0265625
3 0.5046875 0.034375 0.01875 0.02734375
0 0.425 0.02890625 0.01328125 0.0203125