0 0.40703125 0.684375 0.1390625 0.17109375
0 0.62265625 0.51015625 0.125 0.1484375
0 0.18125 0.55859375 0.121875 0.1375
0 0.5703125 0.390625 0.09140625 0.090625
3 0.50390625 0.25390625 0.0875 0.14140625
1 0.85078125 0.30234375 0.196875 0.19140625
1 0.5546875 0.109375 0.05390625 0.0765625
3 0.37265625 0.15078125 0.0578125 0.109375
1 0.7515625 0.24609375 0.08046875 0.134375
3 0.41953125 0.09375 0.03984375 0.0609375
3 0.5078125 0.12734375 0.05 0.0828125
1 0.4796875 0.07890625 0.03359375 0.040625
2 0.46875 0.18203125 0.08046875 0.13515625
3 0.35859375 0.04765625 0.0296875 0.04609375
3 0.3109375 0.07890625 0.0296875 0.0453125
3 0.38359375 0.03515625 0.028125 0.03046875
0 0.30703125 0.13359375 0.03515625 0.04609375
0 0.33515625 0.0984375 0.02578125 0.03984375