0 0.121875 0.40546875 0.11171875 0.115625
1 0.790625 0.11171875 0.1015625 0.153125
4 0.5921875 0.1 0.06171875 0.084375
2 0.33203125 0.31015625 0.18046875 0.3578125
4 0.25078125 0.20390625 0.07421875 0.1203125
0 0.34921875 0.11171875 0.04921875 0.04296875
0 0.41875 0.128125 0.0546875 0.05390625
3 0.53828125 0.353125 0.16484375 0.31875
0 0.52421875 0.1765625 0.071875 0.06328125
0 0.42890625 0.0796875 0.03984375 0.04453125
0 0.4171875 0.04921875 0.03671875 0.04140625
3 0.51875 0.0484375 0.059375 0.09453125
0 0.35703125 0.06015625 0.040625 0.05